RANK       0            1            2             3            4            5
smart     88           12                                                     
dumb      56           26           15             3                          
asIs       3           24           18            26           15           15
                                                 100                          
#
#EVALS
RANK             0            1            2             3            4            5
smart     31 ( 12)     25 (  0)      0 (  0)       0 (  0)      0 (  0)      0 (  0)
dumb      28 (  0)     36 (  0)     40 (  0)      30 (  0)      0 (  0)      0 (  0)
asIs     3840 (  0)   2834 (  0)   11138 (  0)   9306 (  0)   3687 (  0)   34523 (  0)
           0 (  0)      0 (  0)      0 (  0)       0 (  0)      0 (  0)      0 (  0)
#
#DELTAS
RANK             0            1            2             3            4            5
smart     71 ( 23)     51 (  0)      0 (  0)       0 (  0)      0 (  0)      0 (  0)
dumb      65 ( 26)     63 (  0)     60 (  0)      75 (  0)      0 (  0)      0 (  0)
           0 (  0)      0 (  0)      0 (  0)      94 (  0)      0 (  0)      0 (  0)
