RANK       0           1            2           3           4
smart     87          13                                     
dumb      67          13           20                        
                                              100            
asIs                  33           27           7          33
#
#EVALS
RANK             0           1            2           3           4
smart     28 (  4)    35 (  0)      0 (  0)     0 (  0)     0 (  0)
dumb      26 (  8)    25 (  0)     30 (  0)     0 (  0)     0 (  0)
           0 (  0)     0 (  0)      0 (  0)     0 (  0)     0 (  0)
asIs       0 (  0)   4118 (  0)   668 (  0)   259 (  0)   643 (  0)
#
#DELTAS
RANK             0           1            2           3           4
smart     76 ( 29)    36 (  0)      0 (  0)     0 (  0)     0 (  0)
dumb      65 ( 29)    61 (  0)     71 (  0)     0 (  0)     0 (  0)
           0 (  0)     0 (  0)      0 (  0)    93 ( 39)     0 (  0)
