RANK             0           1           2           3                                         4           5           6           7           8           9          10          11
LGBM           100                                                                                                                                                                  
LR             100                                                                                                                                                                  
                                                                                                                                                                                 100
k1                          87          13                                                                                                                                          
mid-leaf                     7          40          40                                        13                                                                                    
k3                          53          47                                                                                                                                          
mid-leaf-syn                 7          33          40                                        13           7                                                                        
k1-syn                      40          60                                                                                                                                          
k5                          47          53                                                                                                                                          
k5-syn                      33          40          27                                                                                                                              
k3-syn                      33          47          20                                                                                                                              
asIs                        13          27          20                                        20          20                                                                        
#
#EVALS
RANK                   0           1           2           3                                         4           5           6           7           8           9          10          11
LGBM             0 (  0)     0 (  0)     0 (  0)     0 (  0)                                   0 (  0)     0 (  0)     0 (  0)     0 (  0)     0 (  0)     0 (  0)     0 (  0)     0 (  0)
LR               0 (  0)     0 (  0)     0 (  0)     0 (  0)                                   0 (  0)     0 (  0)     0 (  0)     0 (  0)     0 (  0)     0 (  0)     0 (  0)     0 (  0)
                 0 (  0)     0 (  0)     0 (  0)     0 (  0)                                   0 (  0)     0 (  0)     0 (  0)     0 (  0)     0 (  0)     0 (  0)     0 (  0)     0 (  0)
k1               0 (  0)     0 (  0)     0 (  0)     0 (  0)                                   0 (  0)     0 (  0)     0 (  0)     0 (  0)     0 (  0)     0 (  0)     0 (  0)     0 (  0)
mid-leaf         0 (  0)     0 (  0)     0 (  0)     0 (  0)                                   0 (  0)     0 (  0)     0 (  0)     0 (  0)     0 (  0)     0 (  0)     0 (  0)     0 (  0)
k3               0 (  0)     0 (  0)     0 (  0)     0 (  0)                                   0 (  0)     0 (  0)     0 (  0)     0 (  0)     0 (  0)     0 (  0)     0 (  0)     0 (  0)
mid-leaf-syn     0 (  0)    30 (  0)    30 (  0)    30 (  0)                                  30 (  0)    30 (  0)     0 (  0)     0 (  0)     0 (  0)     0 (  0)     0 (  0)     0 (  0)
k1-syn           0 (  0)    30 (  0)    30 (  0)     0 (  0)                                   0 (  0)     0 (  0)     0 (  0)     0 (  0)     0 (  0)     0 (  0)     0 (  0)     0 (  0)
k5               0 (  0)     0 (  0)     0 (  0)     0 (  0)                                   0 (  0)     0 (  0)     0 (  0)     0 (  0)     0 (  0)     0 (  0)     0 (  0)     0 (  0)
k5-syn           0 (  0)    30 (  0)    30 (  0)    30 (  0)                                   0 (  0)     0 (  0)     0 (  0)     0 (  0)     0 (  0)     0 (  0)     0 (  0)     0 (  0)
k3-syn           0 (  0)    30 (  0)    30 (  0)    30 (  0)                                   0 (  0)     0 (  0)     0 (  0)     0 (  0)     0 (  0)     0 (  0)     0 (  0)     0 (  0)
asIs             0 (  0)     0 (  0)     0 (  0)     0 (  0)                                   0 (  0)     0 (  0)     0 (  0)     0 (  0)     0 (  0)     0 (  0)     0 (  0)     0 (  0)
#
#DELTAS
RANK                   0           1           2           3                                         4           5           6           7           8           9          10          11
LGBM           104 (  3)     0 (  0)     0 (  0)     0 (  0)                                   0 (  0)     0 (  0)     0 (  0)     0 (  0)     0 (  0)     0 (  0)     0 (  0)     0 (  0)
LR             102 (  3)     0 (  0)     0 (  0)     0 (  0)                                   0 (  0)     0 (  0)     0 (  0)     0 (  0)     0 (  0)     0 (  0)     0 (  0)     0 (  0)
                 0 (  0)     0 (  0)     0 (  0)     0 (  0)                                   0 (  0)     0 (  0)     0 (  0)     0 (  0)     0 (  0)     0 (  0)     0 (  0)    93 ( 39)
k1               0 (  0)    54 ( 21)     5 (  0)     0 (  0)                                   0 (  0)     0 (  0)     0 (  0)     0 (  0)     0 (  0)     0 (  0)     0 (  0)     0 (  0)
mid-leaf         0 (  0)    22 (  0)     1 (  0)   -14333333333333330709771530010624 (  0)    32 (  0)     0 (  0)     0 (  0)     0 (  0)     0 (  0)     0 (  0)     0 (  0)     0 (  0)
k3               0 (  0)    50 (  0)    37 (  0)     0 (  0)                                   0 (  0)     0 (  0)     0 (  0)     0 (  0)     0 (  0)     0 (  0)     0 (  0)     0 (  0)
mid-leaf-syn     0 (  0)    27 (  0)   -13 (  0)   -15500000000000001011899126775808 (  0)    31 (  0)     2 (  0)     0 (  0)     0 (  0)     0 (  0)     0 (  0)     0 (  0)     0 (  0)
k1-syn           0 (  0)    43 (  0)    35 (  0)     0 (  0)                                   0 (  0)     0 (  0)     0 (  0)     0 (  0)     0 (  0)     0 (  0)     0 (  0)     0 (  0)
k5               0 (  0)    42 (  0)    40 (  0)     0 (  0)                                   0 (  0)     0 (  0)     0 (  0)     0 (  0)     0 (  0)     0 (  0)     0 (  0)     0 (  0)
k5-syn           0 (  0)    37 (  0)    21 (  0)    50 (  0)                                   0 (  0)     0 (  0)     0 (  0)     0 (  0)     0 (  0)     0 (  0)     0 (  0)     0 (  0)
k3-syn           0 (  0)    35 (  0)    31 (  0)    44 (  0)                                   0 (  0)     0 (  0)     0 (  0)     0 (  0)     0 (  0)     0 (  0)     0 (  0)     0 (  0)
