RANK         0           1           2                                         3           4           5           6           7
LGBM       100                                                                                                                  
LR         100                                                                                                                  
k1           7          87           7                                                                                          
                                                                                                                             100
mid-leaf                 7          53                                        33           7                                    
k3                      53          47                                                                                          
k5                      53          40                                         7                                                
asIs                     7          40                                        33          13           7                        
#
#EVALS
RANK               0           1           2                                         3           4           5           6           7
LGBM         0 (  0)     0 (  0)     0 (  0)                                   0 (  0)     0 (  0)     0 (  0)     0 (  0)     0 (  0)
LR           0 (  0)     0 (  0)     0 (  0)                                   0 (  0)     0 (  0)     0 (  0)     0 (  0)     0 (  0)
k1           0 (  0)     0 (  0)     0 (  0)                                   0 (  0)     0 (  0)     0 (  0)     0 (  0)     0 (  0)
             0 (  0)     0 (  0)     0 (  0)                                   0 (  0)     0 (  0)     0 (  0)     0 (  0)     0 (  0)
mid-leaf     0 (  0)     0 (  0)     0 (  0)                                   0 (  0)     0 (  0)     0 (  0)     0 (  0)     0 (  0)
k3           0 (  0)     0 (  0)     0 (  0)                                   0 (  0)     0 (  0)     0 (  0)     0 (  0)     0 (  0)
k5           0 (  0)     0 (  0)     0 (  0)                                   0 (  0)     0 (  0)     0 (  0)     0 (  0)     0 (  0)
asIs         0 (  0)     0 (  0)     0 (  0)                                   0 (  0)     0 (  0)     0 (  0)     0 (  0)     0 (  0)
#
#DELTAS
RANK               0           1           2                                         3           4           5           6           7
LGBM       103 (  2)     0 (  0)     0 (  0)                                   0 (  0)     0 (  0)     0 (  0)     0 (  0)     0 (  0)
LR         100 (  4)     0 (  0)     0 (  0)                                   0 (  0)     0 (  0)     0 (  0)     0 (  0)     0 (  0)
k1          78 (  0)    45 ( 55)    60 (  0)                                   0 (  0)     0 (  0)     0 (  0)     0 (  0)     0 (  0)
             0 (  0)     0 (  0)     0 (  0)                                   0 (  0)     0 (  0)     0 (  0)     0 (  0)    93 ( 39)
mid-leaf     0 (  0)   -62 (  0)   -10499999999999998942151165607936 (  0)    16 (  0)    50 (  0)     0 (  0)     0 (  0)     0 (  0)
k3           0 (  0)    37 (  0)    42 (  0)                                   0 (  0)     0 (  0)     0 (  0)     0 (  0)     0 (  0)
k5           0 (  0)    36 (  0)    21 (  0)                                  85 (  0)     0 (  0)     0 (  0)     0 (  0)     0 (  0)
