RANK         0                                       1                                       2           3           4           5           6           7
asIs        73                                       7                                      13           7                                                
mid-leaf    67                                      33                                                                                                    
LGBM        40                                      20                                      27           7                       7                        
k1          33                                      27                                      27           7           7                                    
k3          33                                      27                                      27          13                                                
k5          33                                      27                                      33           7                                                
LR          27                                      13                                      47           7           7                                    
                                                                                                                                                       100
#
#EVALS
RANK               0                                       1                                       2           3           4           5           6           7
asIs         0 (  0)                                 0 (  0)                                 0 (  0)     0 (  0)     0 (  0)     0 (  0)     0 (  0)     0 (  0)
mid-leaf     0 (  0)                                 0 (  0)                                 0 (  0)     0 (  0)     0 (  0)     0 (  0)     0 (  0)     0 (  0)
LGBM         0 (  0)                                 0 (  0)                                 0 (  0)     0 (  0)     0 (  0)     0 (  0)     0 (  0)     0 (  0)
k1           0 (  0)                                 0 (  0)                                 0 (  0)     0 (  0)     0 (  0)     0 (  0)     0 (  0)     0 (  0)
k3           0 (  0)                                 0 (  0)                                 0 (  0)     0 (  0)     0 (  0)     0 (  0)     0 (  0)     0 (  0)
k5           0 (  0)                                 0 (  0)                                 0 (  0)     0 (  0)     0 (  0)     0 (  0)     0 (  0)     0 (  0)
LR           0 (  0)                                 0 (  0)                                 0 (  0)     0 (  0)     0 (  0)     0 (  0)     0 (  0)     0 (  0)
             0 (  0)                                 0 (  0)                                 0 (  0)     0 (  0)     0 (  0)     0 (  0)     0 (  0)     0 (  0)
#
#DELTAS
RANK               0                                       1                                       2           3           4           5           6           7
mid-leaf   3800000000000000131856569729024 (488)    89 (  0)                                 0 (  0)     0 (  0)     0 (  0)     0 (  0)     0 (  0)     0 (  0)
LGBM        95 (  0)                               333333333333333316505293553664 (  0)    100 (  0)    93 (  0)     0 (  0)   100 (  0)     0 (  0)     0 (  0)
k1          92 (  0)                               3249999999999999994256286547968 (  0)    76 (  0)   107 (  0)   112 (  0)     0 (  0)     0 (  0)     0 (  0)
k3          80 (  0)                               3749999999999999300511157190656 (  0)    73 (  0)   138 (  0)     0 (  0)     0 (  0)     0 (  0)     0 (  0)
k5          84 (  0)                               4499999999999999948743323418624 (  0)   136 (  0)   107 (  0)     0 (  0)     0 (  0)     0 (  0)     0 (  0)
LR          75 (  0)                               1499999999999999889089448902656 (  0)    77 (  0)    50 (  0)   112 (  0)     0 (  0)     0 (  0)     0 (  0)
             0 (  0)                                 0 (  0)                                 0 (  0)     0 (  0)     0 (  0)     0 (  0)     0 (  0)    93 ( 39)
